0 3
0 6
0 7
0 8
0 9
0 10
0 85
0 86
0 87
0 88
1 4
1 6
1 169
1 170
1 11
1 12
1 13
1 21
2 5
2 7
2 11
2 14
2 15
2 19
2 214
3 8
3 12
3 14
3 16
3 17
3 23
3 24
4 9
4 15
4 16
4 18
4 20
4 22
4 25
4 26
5 17
5 10
5 18
5 13
6 35
6 36
6 37
6 38
6 39
6 40
6 19
7 44
7 45
7 46
7 47
7 48
7 20
9 73
9 74
9 75
9 76
10 65
10 66
10 67
10 68
10 21
10 22
11 90
11 91
11 92
11 23
12 163
12 164
13 24
13 136
13 137
14 25
14 209
15 198
17 26
19 27
19 28
19 29
19 30
20 41
20 42
20 35
20 43
20 31
21 32
21 33
21 34
21 31
22 36
22 44
22 49
22 58
22 27
22 59
22 60
23 32
23 65
23 37
23 69
23 41
23 73
23 45
23 77
23 81
23 50
23 85
23 54
23 89
23 58
23 61
24 130
24 133
24 28
24 38
24 42
24 46
24 51
24 55
24 59
24 62
24 66
24 70
24 74
24 78
24 82
24 86
24 90
24 93
24 98
24 101
24 103
24 106
24 109
24 112
24 115
24 118
24 121
24 124
24 127
25 128
25 131
25 133
25 134
25 136
25 138
25 140
25 142
25 144
25 146
25 148
25 150
25 152
25 153
25 155
25 29
25 157
25 159
25 33
25 161
25 163
25 165
25 39
25 167
25 169
25 171
25 173
25 47
25 175
25 177
25 179
25 52
25 181
25 183
25 56
25 185
25 187
25 60
25 189
25 63
25 191
25 193
25 67
25 71
25 75
25 79
25 83
25 87
25 91
25 94
25 96
25 99
25 104
25 107
25 110
25 113
25 116
25 119
25 122
25 125
26 30
26 34
26 40
26 43
26 48
26 53
26 57
26 64
26 68
26 72
26 76
26 80
26 84
26 88
26 89
26 92
26 95
26 97
26 100
26 102
26 105
26 108
26 111
26 114
26 117
26 120
26 123
26 126
26 129
26 132
26 135
26 137
26 139
26 141
26 143
26 145
26 147
26 149
26 151
26 154
26 156
26 158
26 160
26 162
26 164
26 166
26 168
26 170
26 172
26 174
26 176
26 178
26 180
26 182
26 184
26 186
26 188
26 190
26 192
26 194
26 195
26 196
26 197
26 198
26 199
26 200
26 201
26 202
26 203
26 204
26 205
26 206
26 207
26 208
26 209
26 210
26 211
26 212
26 213
26 214
26 215
26 216
26 217
26 218
26 219
26 220
26 221
26 222
26 223
26 224
26 225
26 226
26 227
26 228
26 229
26 230
26 231
26 232
26 233
26 234
26 235
26 236
26 237
26 238
26 239
26 240
26 241
26 242
26 243
26 244
26 245
26 246
26 247
26 248
26 249
26 250
26 251
26 252
26 253
26 254
26 255
27 64
27 61
27 62
27 63
28 134
28 135
29 195
31 49
31 50
31 51
31 52
31 53
32 93
32 94
32 95
33 196
35 56
35 57
35 54
35 55
36 72
36 69
36 70
36 71
37 96
37 97
38 138
38 139
39 197
41 98
41 99
41 100
42 140
42 141
44 80
44 77
44 78
44 79
45 101
45 102
46 142
46 143
47 199
49 81
49 82
49 83
49 84
50 104
50 105
50 103
51 144
51 145
52 200
54 106
54 107
54 108
55 146
55 147
56 201
58 109
58 110
58 111
59 148
59 149
60 202
61 112
61 113
61 114
62 150
62 151
63 203
65 115
65 116
65 117
66 152
67 204
69 120
69 118
69 119
70 153
70 154
71 205
73 121
73 122
73 123
74 155
74 156
77 124
77 125
77 126
78 157
78 158
79 206
81 128
81 129
81 127
82 160
82 159
83 207
85 130
85 131
85 132
86 161
86 162
87 208
90 165
90 166
91 210
93 168
93 167
94 211
96 212
98 171
98 172
99 213
101 173
101 174
103 176
103 175
104 215
106 177
106 178
107 216
109 179
109 180
110 217
112 181
112 182
113 218
115 184
115 183
116 219
118 185
118 186
119 220
121 187
121 188
122 221
124 189
124 190
125 222
127 192
127 191
128 223
130 193
130 194
131 224
133 225
134 226
136 227
138 228
140 229
142 230
144 231
146 232
148 233
150 234
152 235
153 236
155 237
157 238
159 239
161 240
165 241
167 242
169 243
171 244
173 245
175 246
177 247
179 248
181 249
183 250
185 251
187 252
189 253
191 254
193 255
3 NOT
4 NOT
5 NOT
6 AND
7 AND
8 AND
9 AND
10 AND
11 AND
12 AND
13 AND
14 AND
15 AND
16 AND
17 AND
18 AND
19 AND
20 AND
21 AND
22 AND
23 AND
24 AND
25 AND
26 AND
27 OR
28 OR
29 OR
30 OR
31 OR
32 OR
33 OR
34 OR
35 OR
36 OR
37 OR
38 OR
39 OR
40 OR
41 OR
42 OR
43 OR
44 OR
45 OR
46 OR
47 OR
48 OR
49 OR
50 OR
51 OR
52 OR
53 OR
54 OR
55 OR
56 OR
57 OR
58 OR
59 OR
60 OR
61 OR
62 OR
63 OR
64 OR
65 OR
66 OR
67 OR
68 OR
69 OR
70 OR
71 OR
72 OR
73 OR
74 OR
75 OR
76 OR
77 OR
78 OR
79 OR
80 OR
81 OR
82 OR
83 OR
84 OR
85 OR
86 OR
87 OR
88 OR
89 OR
90 OR
91 OR
92 OR
93 OR
94 OR
95 OR
96 OR
97 OR
98 OR
99 OR
100 OR
101 OR
102 OR
103 OR
104 OR
105 OR
106 OR
107 OR
108 OR
109 OR
110 OR
111 OR
112 OR
113 OR
114 OR
115 OR
116 OR
117 OR
118 OR
119 OR
120 OR
121 OR
122 OR
123 OR
124 OR
125 OR
126 OR
127 OR
128 OR
129 OR
130 OR
131 OR
132 OR
133 OR
134 OR
135 OR
136 OR
137 OR
138 OR
139 OR
140 OR
141 OR
142 OR
143 OR
144 OR
145 OR
146 OR
147 OR
148 OR
149 OR
150 OR
151 OR
152 OR
153 OR
154 OR
155 OR
156 OR
157 OR
158 OR
159 OR
160 OR
161 OR
162 OR
163 OR
164 OR
165 OR
166 OR
167 OR
168 OR
169 OR
170 OR
171 OR
172 OR
173 OR
174 OR
175 OR
176 OR
177 OR
178 OR
179 OR
180 OR
181 OR
182 OR
183 OR
184 OR
185 OR
186 OR
187 OR
188 OR
189 OR
190 OR
191 OR
192 OR
193 OR
194 OR
195 OR
196 OR
197 OR
198 OR
199 OR
200 OR
201 OR
202 OR
203 OR
204 OR
205 OR
206 OR
207 OR
208 OR
209 OR
210 OR
211 OR
212 OR
213 OR
214 OR
215 OR
216 OR
217 OR
218 OR
219 OR
220 OR
221 OR
222 OR
223 OR
224 OR
225 OR
226 OR
227 OR
228 OR
229 OR
230 OR
231 OR
232 OR
233 OR
234 OR
235 OR
236 OR
237 OR
238 OR
239 OR
240 OR
241 OR
242 OR
243 OR
244 OR
245 OR
246 OR
247 OR
248 OR
249 OR
250 OR
251 OR
252 OR
253 OR
254 OR
255 OR
